     0.00100     100.6233      45.3751 
     0.00147      99.8186      43.5609 
     0.00215     110.3503      47.1650 
     0.00316     106.1753      50.4540 
     0.00464     119.5555      46.1713 
     0.00681     103.7447      49.5734 
     0.01000     115.5422      52.6377 
     0.01468     103.1435      58.4624 
     0.02154      89.5474      60.5791 
     0.03162      80.7165      60.9681 
     0.04642      70.8732      62.6306 
     0.06813      53.1381      64.0887 
     0.10000      38.6581      61.9529 
     0.14678      38.3594      60.7248 
     0.21544      33.2649      63.2906 
     0.31623      23.4731      60.5020 
     0.46416      17.4637      51.1054 
     0.68129      14.6458      33.8423 
     1.00000      18.7110      23.1317 
     1.46780      24.7395      14.3391 
     2.15443      35.6641      10.1713 
     3.16228      69.7956       5.8374 
     4.64159      93.3050       3.8158 
     6.81292     145.4145       2.6938 
    10.00000     156.9221       2.5087 
